어제 나는 꽐라가 되었다. 1 0 1 0 1 0 1 0 1 0 1
오늘은 날씨가 꾸리꾸리하다. 1 0 1 0 1 0 1 0 1 0 1
아침부터 위장과 사이가 나쁘다. 1 0 1 0 1 0 1 0 1 0 1
나른하고 힘이 없다. 1 0 1 0 1 0 1 0 1 0 1
이상하게 으슬으슬 춥다. 1 0 1 0 1 0 1 0 1 0 1
오늘은 센치하게 뉴요커가 되고 싶다. 1 0 1 0 1 0 1 0 1 0 1
한국인은 밥심이다. 1 0 1 0 1 0 1 0 1 0 1
오늘 끝장나게 덥다. 1 0 1 0 1 0 1 0 1 0 1
독특한 외국음식이 먹고 싶다. 1 0 1 0 1 0 1 0 1 0 1
면이라면 사족을 못 쓴다. 1 0 1 0 1 0 1 0 1 0 1
뜨끈한 국물이 땡기는 날이다. 1 0 1 0 1 0 1 0 1 0 1
집밥 못 먹은 지가 너무 오래 되었다. 1 0 1 0 1 0 1 0 1 0 1
오늘의 짜증지수는 MAX다. 1 0 1 0 1 0 1 0 1 0 1
자고로 음식은 매워야 맛있다. 1 0 1 0 1 0 1 0 1 0 1
시험이 코앞이다. 1 0 1 0 1 0 1 0 1 0 1
만사가 다 귀찮다. 1 0 1 0 1 0 1 0 1 0 1
오늘은 위장에 기름칠을 해보자 1 0 1 0 1 0 1 0 1 0 1
지갑이 얇아졌다. 1 0 1 0 1 0 1 0 1 0 1
오늘의 나에게 고기로 상을 주도록 하자. 1 0 1 0 1 0 1 0 1 0 1
